Final Archive                                   
56                                              
245 0.35025 0 233 8.2713e-05  2 1.91823 0.436555 
244.914 0 3 250 8.16327e-05  2 3.80211 0.750709  
243.992 0.1 38 247 7.90514e-05  2 8.24679 0.993002 
243.827 0.13333 45 246 7.90514e-05  2 8.25993 0.986365 
241.453 0.338 140 238 8.00641e-05  2 6.9955 0.601837   
241.239 0.39534 148 235 8.00641e-05  2 6.97802 0.57908 
239.729 0.46153 211 232 7.95545e-05  2 7.01797 0.621329 
237.175 0.16782 326 244 7.47943e-05  2 17.0562 1.00588  
236.145 0.25524 377 240 7.47943e-05  2 17.0559 0.982586 
235.036 0.29209 431 238 7.47943e-05  2 17.0525 0.978914 
233.202 0.52428 516 227 7.57002e-05  2 15.5975 0.928755 
233.058 0.45132 526 231 7.47943e-05  2 17.0665 0.955408 
232.826 0.74281 528 218 7.66284e-05  2 13.8612 0.851948 
232.46 0.76006 545 217 7.66284e-05  2 13.8539 0.842178  
231.988 0.8295 566 214 7.66284e-05  2 13.8459 0.83712   
230.431 0.88684 634 211 7.66284e-05  2 13.8082 0.795857 
230.425 0.57108 657 222 6.86342e-05  2 32.5449 0.996415 
227.177 0.85378 823 207 6.86342e-05  2 32.54 0.979297   
225.743 0.97569 897 201 6.86342e-05  2 32.562 0.962824  
225.026 1.49215 852 182 7.7101e-05  2 12.353 0.571571   
224.392 1.09922 962 195 6.86342e-05  2 32.5552 0.950071 
224.114 1.52826 894 180 7.7101e-05  2 12.3531 0.544522  
223.815 1.6593 907 173 7.7101e-05  2 12.3434 0.536443   
223.365 1.86404 927 162 7.7101e-05  2 12.3512 0.529913  
223.113 1.30174 1025 184 6.64452e-05  2 38.2619 0.941321 
222.001 1.33785 1080 182 6.64452e-05  2 38.2609 0.935616 
218.17 1.71596 1269 163 6.64452e-05  2 38.2916 0.894328  
217.224 1.84301 1313 156 6.64452e-05  2 38.2836 0.886908 
216.304 1.93247 1355 151 6.64452e-05  2 38.2789 0.877678 
215.564 1.98819 1391 148 6.64452e-05  2 38.279 0.861646  
212.491 2.17954 1539 139 6.78887e-05  2 34.832 0.82078   
211.568 2.21639 1581 137 6.78887e-05  2 34.8289 0.817989 
210.524 2.21752 1590 140 7.34754e-05  2 20.125 0.674183  
210.275 2.28861 1641 133 6.78887e-05  2 34.8403 0.793161 
206.985 2.41965 1794 126 6.57462e-05  2 40.5159 0.751771 
206.704 2.47022 1808 124 6.57462e-05  2 40.5154 0.744859 
206.167 2.53966 1832 121 6.57462e-05  2 40.5086 0.733888 
205.78 2.55927 1849 120 6.57462e-05  2 40.539 0.720543   
204.125 2.68443 1924 114 6.37349e-05  2 46.3946 0.696357
203.756 2.72128 1942 112 6.37349e-05  2 46.3867 0.689802
203.261 2.777 1966 109 6.37349e-05  2 46.3926 0.670333
202.039 2.81148 2017 107 6.37349e-05  2 46.3852 0.665862
201.366 2.98736 2033 99 7.22022e-05  2 23.9844 0.581654
200.86 3.02584 2055 97 7.22022e-05  2 23.9795 0.573239
200.387 3.04471 2077 96 7.22022e-05  2 23.9887 0.56736
198.305 3.14815 2192 90 6.30915e-05  2 48.681 0.583732
196.569 3.22274 2273 86 6.18429e-05  2 52.8952 0.541498
196.193 3.35378 2290 79 6.18429e-05  2 52.8918 0.533508
195.638 3.55852 2316 68 6.18429e-05  2 52.8802 0.524915
195.41 4.00654 2312 52 7.17875e-05  2 24.0111 0.491989
195.246 3.73703 2335 59 6.18429e-05  2 52.8951 0.518453
194.83 4.14684 2336 44 7.17875e-05  2 24.0108 0.479112
193.755 3.85427 2401 55 6.18429e-05  2 52.8969 0.504092
193.108 4.25266 2427 38 7.05716e-05  2 27.5671 0.479043
192.735 4.30438 2444 35 7.05716e-05  2 27.5737 0.46352
192.358 4.33886 2460 33 7.05716e-05  2 27.5761 0.454219

Evaluations: 7154